low
87.054687 7.567280
105.069174 1.791050
136.076160 13.081500
160.076289 2.225420
178.084616 5.319120
223.106608 100.000000
251.101730 40.722900
297.107567 3.945980
384.140384 11.216900
med
60.044545 2.476820
87.056965 9.632580
119.046086 2.367850
135.066335 1.865000
136.077192 46.373600
160.074417 6.652730
178.087050 20.078100
223.109344 100.000000
251.108668 3.127750
297.113687 1.892360
high
42.033909 3.047230
60.043746 26.520300
70.027268 3.162400
87.056272 18.342000
91.054494 23.516200
119.048280 15.711000
121.063402 7.273900
133.065510 5.039960
135.066238 3.626030
136.074907 100.000000
160.074409 26.458000
178.085454 12.211700
